DTLZ1[10,2],0.54185,
DTLZ1[20,2],0.98188,
DTLZ1[40,2],0.98941,
DTLZ1[10,4],0.53021,
DTLZ1[20,4],0.3948,
DTLZ1[40,4],0.39587,
DTLZ1[10,6],0.18014,
DTLZ1[20,6],0.49083,
DTLZ1[40,6],0.40215,
DTLZ1[10,8],0.26797,
DTLZ1[20,8],0.29794,
DTLZ1[40,8],0.42477,
DTLZ3[10,2],0.98013,
DTLZ3[20,2],0.98772,
DTLZ3[40,2],0.98763,
DTLZ3[10,4],0.25408,
DTLZ3[20,4],0.85995,
DTLZ3[40,4],0.21721,
DTLZ3[10,6],0.2426,
DTLZ3[20,6],0.2618,
DTLZ3[40,6],0.22014,
DTLZ3[10,8],0.23374,
DTLZ3[20,8],0.21353,
DTLZ3[40,8],0.21624,
DTLZ5[10,2],0.27303,
DTLZ5[20,2],0.33543,
DTLZ5[40,2],0.48598,
DTLZ5[10,4],0.28524,
DTLZ5[20,4],0.25545,
DTLZ5[40,4],0.26248,
DTLZ5[10,6],0.21157,
DTLZ5[20,6],0.23935,
DTLZ5[40,6],0.18419,
DTLZ5[10,8],0.19525,
DTLZ5[20,8],0.18934,
DTLZ5[40,8],0.16043,
DTLZ7[10,2],0.98592,
DTLZ7[20,2],0.92714,
DTLZ7[40,2],0.85993,
DTLZ7[10,4],0.99994,
DTLZ7[20,4],0.98043,
DTLZ7[40,4],0.90452,
DTLZ7[10,6],1.0,
DTLZ7[20,6],0.99548,
DTLZ7[40,6],0.93638,
DTLZ7[10,8],0.99993,
DTLZ7[20,8],0.9849,
DTLZ7[40,8],0.92203,
