DTLZ1[10,2],0.65215,0.97909,0.99938,0.99288,0.9863,0.98474,0.97542,0.98192,0.62386,0.98852,0.97966,0.6552,0.97918,0.99705,0.4258,0.96781,0.9818,0.50296,0.97798,0.97696,
DTLZ1[20,2],0.99853,0.98768,0.39381,0.98568,0.98722,0.98569,0.99822,0.99665,0.98684,0.98191,0.98576,0.9971,0.98434,0.99487,0.38034,0.99792,0.99026,0.99527,0.98472,0.99863,
DTLZ1[40,2],0.9899,0.98654,0.98523,0.38056,0.98418,0.2358,0.98927,0.39887,0.98403,0.98966,0.51155,0.99098,0.44533,0.9904,0.99957,0.98496,0.98082,0.98718,0.99534,0.98288,
DTLZ1[10,4],0.5517,0.56301,0.49034,0.44844,0.50202,0.48983,0.43094,0.45917,0.32124,0.31224,0.47534,0.47885,0.63368,0.5101,0.51693,0.34414,0.36005,0.39358,0.57183,0.57802,
DTLZ1[20,4],0.49212,0.47628,0.25732,0.42655,0.37281,0.55434,0.31138,0.38274,0.43539,0.43122,0.47219,0.49925,0.42629,0.53676,0.27304,0.38131,0.34375,0.44215,0.49588,0.43563,
DTLZ1[40,4],0.30909,0.396,0.41574,0.96132,0.32674,0.34685,0.44868,0.36938,0.45465,0.40106,0.32096,0.38097,0.23009,0.95879,0.3817,0.9476,0.30679,0.97119,0.31966,0.27621,
DTLZ1[10,6],0.67223,0.44156,0.56665,0.46804,0.44225,0.3607,0.51552,0.51622,0.35293,0.38857,0.50894,0.50282,0.47095,0.31867,0.71481,0.48378,0.47931,0.55163,0.48143,0.47746,
DTLZ1[20,6],0.31008,0.2789,0.39584,0.54205,0.29601,0.49245,0.39437,0.44351,0.45098,0.33645,0.33298,0.33956,0.38404,0.33506,0.52797,0.37034,0.49116,0.26014,0.34527,0.52922,
DTLZ1[40,6],0.31768,0.42978,0.36809,0.27263,0.32343,0.34222,0.45893,0.44465,0.34433,0.33423,0.42009,0.30316,0.42293,0.34846,0.36591,0.33835,0.44658,0.34788,0.07204,0.37725,
DTLZ1[10,8],0.46007,0.44125,0.51792,0.37414,0.62534,0.30883,0.4754,0.58043,0.51751,0.34562,0.52168,0.542,0.49313,0.41547,0.52498,0.39402,0.51034,0.43626,0.37643,0.53428,
DTLZ1[20,8],0.39023,0.41431,0.4255,0.44437,0.47187,0.27937,0.6024,0.49842,0.24133,0.42787,0.36169,0.5708,0.38924,0.4369,0.42815,0.47949,0.39807,0.34461,0.43974,0.41593,
DTLZ1[40,8],0.34859,0.45068,0.45185,0.33033,0.41317,0.22615,0.20922,0.35494,0.33121,0.35006,0.29024,0.31451,0.37552,0.38373,0.32385,0.39696,0.23054,0.40188,0.30858,0.37964,
DTLZ3[10,2],0.97114,0.98294,0.99829,0.97833,0.98069,0.98306,0.97446,0.98326,0.97515,0.98323,0.50944,0.30131,0.97749,0.99949,0.9813,0.9967,0.12924,0.97878,0.98199,0.98414,
DTLZ3[20,2],0.98774,0.98521,0.98669,0.9887,0.98598,0.98742,0.27245,0.20466,0.98553,0.99658,0.98575,0.98982,0.99972,0.98195,0.98908,0.98484,0.99653,0.98582,0.98627,0.9849,
DTLZ3[40,2],0.99033,0.98873,0.97257,0.2683,0.98965,0.98457,0.98037,0.98632,0.98621,0.98445,0.99178,0.98841,0.98691,0.99,0.98918,0.98652,0.98789,0.98167,0.28784,0.98536,
DTLZ3[10,4],0.38924,0.30437,0.28787,0.52265,0.41333,0.29797,0.29938,0.17311,0.43528,0.43775,0.28529,0.30435,0.26207,0.2882,0.09508,0.29761,0.39292,0.31227,0.20906,0.10849,
DTLZ3[20,4],0.04196,0.16735,0.35618,0.18272,0.39898,0.21007,0.17357,0.94552,0.296,0.93226,0.25945,0.25463,0.26093,0.10057,0.25269,0.37658,0.13372,0.26961,0.2639,0.3301,
DTLZ3[40,4],0.18973,0.13984,0.97961,0.17547,0.12848,0.1277,0.3415,0.12765,0.16903,0.22846,0.96985,0.1776,0.96622,0.13372,0.26732,0.97488,0.22882,0.14102,0.96146,0.96656,
DTLZ3[10,6],0.13371,0.22904,0.38423,0.47049,0.17583,0.44639,0.1875,0.42524,0.25568,0.31779,0.14451,0.28718,0.26573,0.36626,0.32284,0.17257,0.24231,0.24758,0.35292,0.30383,
DTLZ3[20,6],0.1693,0.21201,0.1269,0.11347,0.2948,0.23961,0.23421,0.18099,0.16665,0.15569,0.26893,0.34353,0.22963,0.23857,0.25353,0.2177,0.1367,0.20821,0.1803,0.19209,
DTLZ3[40,6],0.28342,0.2004,0.2646,0.19455,0.15735,0.15042,0.1858,0.08577,0.19547,0.17735,0.22034,0.25767,0.10118,0.12727,0.12285,0.17246,0.1533,0.17514,0.19996,0.23245,
DTLZ3[10,8],0.21642,0.34702,0.35536,0.30541,0.40904,0.65941,0.28573,0.1892,0.45213,0.50157,0.25659,0.3228,0.32953,0.25099,0.38857,0.45952,0.32052,0.23197,0.12232,0.46784,
DTLZ3[20,8],0.12473,0.20213,0.35058,0.32148,0.33281,0.30325,0.18481,0.28232,0.26715,0.11137,0.34933,0.12539,0.19121,0.05955,0.14423,0.16935,0.27019,0.31666,0.29682,0.32833,
DTLZ3[40,8],0.17784,0.01192,0.20587,0.22186,0.21736,0.16402,0.08966,0.16395,0.10847,0.09687,0.24174,0.17682,0.28091,0.05568,0.05093,0.11295,0.30374,0.16111,0.13103,0.22858,
DTLZ5[10,2],0.25536,0.28816,0.36161,0.29329,0.22747,0.28047,0.40545,0.24362,0.39028,0.37157,0.34608,0.21523,0.33569,0.3741,0.34026,0.38056,0.27238,0.29441,0.40011,0.26034,
DTLZ5[20,2],0.32429,0.65321,0.32307,0.62218,0.61277,0.62175,0.27524,0.39972,0.64033,0.32328,0.669,0.6669,0.62075,0.60839,0.2342,0.28351,0.25129,0.6084,0.79329,0.70399,
DTLZ5[40,2],0.77877,0.89395,0.82655,0.77365,0.84062,0.90252,0.78332,0.75108,0.88516,0.93082,0.91361,0.76114,0.82325,0.80556,0.90688,0.24426,0.18585,0.82827,0.82144,0.78232,
DTLZ5[10,4],0.15433,0.27314,0.17404,0.11985,0.19088,0.3633,0.31524,0.15246,0.15059,0.25112,0.26398,0.26165,0.20397,0.20021,0.08567,0.23041,0.2676,0.23554,0.13409,0.14627,
DTLZ5[20,4],0.22569,0.53534,0.11345,0.15828,0.1951,0.27854,0.53801,0.2021,0.42715,0.2631,0.17258,0.14604,0.31203,0.25637,0.20098,0.12472,0.2015,0.2252,0.45265,0.20917,
DTLZ5[40,4],0.17751,0.4429,0.23997,0.12074,0.22528,0.21037,0.14911,0.19799,0.72608,0.21919,0.19418,0.16629,0.27685,0.12648,0.26618,0.70513,0.33127,0.19038,0.09449,0.22031,
DTLZ5[10,6],0.07446,0.25571,0.0697,0.16002,0.20903,0.38177,0.21949,0.30128,0.08671,0.12506,0.11171,0.1272,0.25566,0.12655,0.16083,0.11079,0.22618,0.16438,0.20322,0.14113,
DTLZ5[20,6],0.22612,0.25716,0.36154,0.08933,0.19123,0.19636,0.32345,0.1305,0.18625,0.14597,0.27029,0.09832,0.22281,0.18909,0.13221,0.13328,0.32458,0.09243,0.2042,0.11915,
DTLZ5[40,6],0.22027,0.22992,0.25053,0.11466,0.17732,0.20917,0.22781,0.20664,0.19931,0.16841,0.21421,0.18339,0.20614,0.16916,0.13814,0.11294,0.17045,0.25882,0.41118,0.16639,
DTLZ5[10,8],0.04571,0.16058,0.28371,0.12001,0.17357,0.07782,0.10204,0.11147,0.19022,0.12909,0.36074,0.22691,0.12964,0.32953,0.15566,0.18159,0.08311,0.13241,0.06615,0.09586,
DTLZ5[20,8],0.16697,0.05481,0.27461,0.26652,0.12265,0.25651,0.21261,0.11588,0.13874,0.21671,0.13176,0.04566,0.15379,0.16809,0.12344,0.05764,0.24155,0.12562,0.12977,0.12129,
DTLZ5[40,8],0.30605,0.03308,0.29366,0.16888,0.2379,0.19646,0.24506,0.09154,0.19558,0.18402,0.17366,0.30414,0.37141,0.07853,0.1207,0.04884,0.0464,0.13654,0.18887,0.12017,
DTLZ7[10,2],0.98718,0.9869,0.9865,0.98669,0.98712,0.98664,0.98599,0.98681,0.98665,0.98827,0.9871,0.9863,0.98573,0.98612,0.98614,0.98611,0.98849,0.98494,0.98444,0.98767,
DTLZ7[20,2],0.91922,0.91677,0.92743,0.91366,0.92106,0.90684,0.92571,0.92659,0.91432,0.91799,0.9039,0.92426,0.93167,0.91031,0.91776,0.91862,0.9229,0.91697,0.92658,0.92419,
DTLZ7[40,2],0.87863,0.88265,0.87162,0.88741,0.86708,0.89764,0.83975,0.88743,0.76196,0.8758,0.90848,0.89096,0.86504,0.88398,0.89911,0.89216,0.87854,0.87541,0.83999,0.88978,
DTLZ7[10,4],0.99927,1.0,1.0,1.0,0.99768,1.0,0.99986,1.0,1.0,1.0,1.0,1.0,1.0,0.9988,1.0,1.0,1.0,0.99999,1.0,0.99989,
DTLZ7[20,4],0.99095,0.98771,0.98792,0.99321,0.98522,0.98539,0.9886,0.9894,0.95045,0.99304,0.99011,0.99087,0.97603,0.98192,0.99268,0.98801,0.88616,0.98121,0.97797,0.98272,
DTLZ7[40,4],0.91903,0.83918,0.91757,0.91956,0.91507,0.86021,0.85899,0.85439,0.90986,0.81084,0.82361,0.91629,0.8493,0.84337,0.826,0.84144,0.79874,0.85814,0.89503,0.85967,
DTLZ7[10,6],0.99751,0.99591,1.0,0.99962,0.99084,0.99984,0.99993,0.99648,0.99829,0.99942,0.9997,0.99888,0.99252,1.0,0.99777,0.9946,0.99947,1.0,1.0,0.99666,
DTLZ7[20,6],0.99989,0.99972,0.99321,0.99519,0.99974,0.99802,0.99813,0.99921,0.99448,0.99806,1.0,0.99995,0.99447,1.0,0.99578,0.99596,0.99956,0.9995,0.99748,0.99762,
DTLZ7[40,6],0.94928,0.9441,0.81554,0.84353,0.92233,0.88429,0.90755,0.94589,0.93355,0.96184,0.93274,0.93377,0.89978,0.94489,0.9495,0.8169,0.91961,0.94775,0.91105,0.89037,
DTLZ7[10,8],0.99967,0.99988,1.0,0.99653,0.99854,0.99903,0.99373,0.99696,0.99989,0.99845,0.99971,0.99959,0.99732,0.99939,0.99355,0.9993,0.99879,0.99999,0.9993,0.99684,
DTLZ7[20,8],0.99917,0.99805,0.99789,0.99735,0.98921,0.99207,0.99356,0.99284,0.9943,0.99267,0.9921,1.0,0.99649,0.9958,0.99242,0.99498,0.9925,0.99317,0.9925,0.9903,
DTLZ7[40,8],0.93246,0.97863,0.95683,0.8742,0.96638,0.95373,0.94931,0.98712,0.96252,0.96086,0.81069,0.96597,0.97768,0.9678,0.97065,0.98367,0.91861,0.94696,0.95417,0.94417,
